--------cuda matrix multiplication------------------------
1.	cuda	8192	1663.2
2.	cuda	8192	1682.6
3.	cuda	8192	1690.2
4.	cuda	8192	1635.9
5.	cuda	8192	1625.9
6.	cuda	8192	1668.0
7.	cuda	8192	1691.0
8.	cuda	8192	1624.3
9.	cuda	8192	1692.6
10.	cuda	8192	1642.7
11.	cuda	8192	1641.8
12.	cuda	8192	1617.0
13.	cuda	8192	1619.9
14.	cuda	8192	1615.1
15.	cuda	8192	1616.2
16.	cuda	8192	1614.7
17.	cuda	8192	1614.8
18.	cuda	8192	1635.2
19.	cuda	8192	1615.8
20.	cuda	8192	1618.9
21.	cuda	8192	1616.6
22.	cuda	8192	1614.9
23.	cuda	8192	1626.8
24.	cuda	8192	1616.4
25.	cuda	8192	1615.1
26.	cuda	8192	1615.6
27.	cuda	8192	1636.7
28.	cuda	8192	1621.1
29.	cuda	8192	1618.0
30.	cuda	8192	1617.8
--------cuda matrix multiplication double------------------------
1.	cuda	8192	5668.8
2.	cuda	8192	5662.9
3.	cuda	8192	5659.5
4.	cuda	8192	5679.0
5.	cuda	8192	5657.1
6.	cuda	8192	5660.0
7.	cuda	8192	5696.2
8.	cuda	8192	5663.8
9.	cuda	8192	5665.3
10.	cuda	8192	5669.4
11.	cuda	8192	5659.6
12.	cuda	8192	5676.6
13.	cuda	8192	5671.1
14.	cuda	8192	5661.4
15.	cuda	8192	5659.7
16.	cuda	8192	5660.3
17.	cuda	8192	5666.6
18.	cuda	8192	5665.3
19.	cuda	8192	5657.5
20.	cuda	8192	5657.5
21.	cuda	8192	5668.5
22.	cuda	8192	5681.9
23.	cuda	8192	5683.1
24.	cuda	8192	5670.0
25.	cuda	8192	5664.2
26.	cuda	8192	5689.8
27.	cuda	8192	5673.7
28.	cuda	8192	5678.1
29.	cuda	8192	5668.2
30.	cuda	8192	5678.8
--------ske_lib matrix multiplication------------------------
1.	aqui...
#Nx.Tensor<
  f32[8192][8192]
  [
    [1.0, 16386.0, 49155.0, 98308.0, 163845.0, 245766.0, 344071.0, 458760.0, 589833.0, 737290.0, 901131.0, 1081356.0, 1277965.0, 1490958.0, 1720335.0, 1966096.0, 2228241.0, 2506770.0, 2801683.0, 3112980.0, 3440661.0, 3784726.0, 4145175.0, 4522008.0, 4915225.0, 5324826.0, 5750811.0, 6193180.0, 6651933.0, 7127070.0, 7618591.0, 8126496.0, 8650785.0, 9191458.0, 9748515.0, 10321956.0, 10911781.0, 11517990.0, 12140583.0, 12779560.0, 13434921.0, 14106666.0, 14794795.0, 15499308.0, 16220205.0, 16957486.0, 17711152.0, 1.84812e7, 19267632.0, 20070450.0, ...],
    ...
  ]
>
PolyHok	8192	554 
2.	aqui...
#Nx.Tensor<
  f32[8192][8192]
  [
    [1.0, 16386.0, 49155.0, 98308.0, 163845.0, 245766.0, 344071.0, 458760.0, 589833.0, 737290.0, 901131.0, 1081356.0, 1277965.0, 1490958.0, 1720335.0, 1966096.0, 2228241.0, 2506770.0, 2801683.0, 3112980.0, 3440661.0, 3784726.0, 4145175.0, 4522008.0, 4915225.0, 5324826.0, 5750811.0, 6193180.0, 6651933.0, 7127070.0, 7618591.0, 8126496.0, 8650785.0, 9191458.0, 9748515.0, 10321956.0, 10911781.0, 11517990.0, 12140583.0, 12779560.0, 13434921.0, 14106666.0, 14794795.0, 15499308.0, 16220205.0, 16957486.0, 17711152.0, 1.84812e7, 19267632.0, 20070450.0, ...],
    ...
  ]
>
PolyHok	8192	552 
3.	aqui...
#Nx.Tensor<
  f32[8192][8192]
  [
    [1.0, 16386.0, 49155.0, 98308.0, 163845.0, 245766.0, 344071.0, 458760.0, 589833.0, 737290.0, 901131.0, 1081356.0, 1277965.0, 1490958.0, 1720335.0, 1966096.0, 2228241.0, 2506770.0, 2801683.0, 3112980.0, 3440661.0, 3784726.0, 4145175.0, 4522008.0, 4915225.0, 5324826.0, 5750811.0, 6193180.0, 6651933.0, 7127070.0, 7618591.0, 8126496.0, 8650785.0, 9191458.0, 9748515.0, 10321956.0, 10911781.0, 11517990.0, 12140583.0, 12779560.0, 13434921.0, 14106666.0, 14794795.0, 15499308.0, 16220205.0, 16957486.0, 17711152.0, 1.84812e7, 19267632.0, 20070450.0, ...],
    ...
  ]
>
PolyHok	8192	526 
4.	aqui...
#Nx.Tensor<
  f32[8192][8192]
  [
    [1.0, 16386.0, 49155.0, 98308.0, 163845.0, 245766.0, 344071.0, 458760.0, 589833.0, 737290.0, 901131.0, 1081356.0, 1277965.0, 1490958.0, 1720335.0, 1966096.0, 2228241.0, 2506770.0, 2801683.0, 3112980.0, 3440661.0, 3784726.0, 4145175.0, 4522008.0, 4915225.0, 5324826.0, 5750811.0, 6193180.0, 6651933.0, 7127070.0, 7618591.0, 8126496.0, 8650785.0, 9191458.0, 9748515.0, 10321956.0, 10911781.0, 11517990.0, 12140583.0, 12779560.0, 13434921.0, 14106666.0, 14794795.0, 15499308.0, 16220205.0, 16957486.0, 17711152.0, 1.84812e7, 19267632.0, 20070450.0, ...],
    ...
  ]
>
PolyHok	8192	504 
5.	aqui...
#Nx.Tensor<
  f32[8192][8192]
  [
    [1.0, 16386.0, 49155.0, 98308.0, 163845.0, 245766.0, 344071.0, 458760.0, 589833.0, 737290.0, 901131.0, 1081356.0, 1277965.0, 1490958.0, 1720335.0, 1966096.0, 2228241.0, 2506770.0, 2801683.0, 3112980.0, 3440661.0, 3784726.0, 4145175.0, 4522008.0, 4915225.0, 5324826.0, 5750811.0, 6193180.0, 6651933.0, 7127070.0, 7618591.0, 8126496.0, 8650785.0, 9191458.0, 9748515.0, 10321956.0, 10911781.0, 11517990.0, 12140583.0, 12779560.0, 13434921.0, 14106666.0, 14794795.0, 15499308.0, 16220205.0, 16957486.0, 17711152.0, 1.84812e7, 19267632.0, 20070450.0, ...],
    ...
  ]
>
PolyHok	8192	559 
6.	aqui...
#Nx.Tensor<
  f32[8192][8192]
  [
    [1.0, 16386.0, 49155.0, 98308.0, 163845.0, 245766.0, 344071.0, 458760.0, 589833.0, 737290.0, 901131.0, 1081356.0, 1277965.0, 1490958.0, 1720335.0, 1966096.0, 2228241.0, 2506770.0, 2801683.0, 3112980.0, 3440661.0, 3784726.0, 4145175.0, 4522008.0, 4915225.0, 5324826.0, 5750811.0, 6193180.0, 6651933.0, 7127070.0, 7618591.0, 8126496.0, 8650785.0, 9191458.0, 9748515.0, 10321956.0, 10911781.0, 11517990.0, 12140583.0, 12779560.0, 13434921.0, 14106666.0, 14794795.0, 15499308.0, 16220205.0, 16957486.0, 17711152.0, 1.84812e7, 19267632.0, 20070450.0, ...],
    ...
  ]
>
PolyHok	8192	525 
7.	aqui...
#Nx.Tensor<
  f32[8192][8192]
  [
    [1.0, 16386.0, 49155.0, 98308.0, 163845.0, 245766.0, 344071.0, 458760.0, 589833.0, 737290.0, 901131.0, 1081356.0, 1277965.0, 1490958.0, 1720335.0, 1966096.0, 2228241.0, 2506770.0, 2801683.0, 3112980.0, 3440661.0, 3784726.0, 4145175.0, 4522008.0, 4915225.0, 5324826.0, 5750811.0, 6193180.0, 6651933.0, 7127070.0, 7618591.0, 8126496.0, 8650785.0, 9191458.0, 9748515.0, 10321956.0, 10911781.0, 11517990.0, 12140583.0, 12779560.0, 13434921.0, 14106666.0, 14794795.0, 15499308.0, 16220205.0, 16957486.0, 17711152.0, 1.84812e7, 19267632.0, 20070450.0, ...],
    ...
  ]
>
PolyHok	8192	544 
8.	aqui...
#Nx.Tensor<
  f32[8192][8192]
  [
    [1.0, 16386.0, 49155.0, 98308.0, 163845.0, 245766.0, 344071.0, 458760.0, 589833.0, 737290.0, 901131.0, 1081356.0, 1277965.0, 1490958.0, 1720335.0, 1966096.0, 2228241.0, 2506770.0, 2801683.0, 3112980.0, 3440661.0, 3784726.0, 4145175.0, 4522008.0, 4915225.0, 5324826.0, 5750811.0, 6193180.0, 6651933.0, 7127070.0, 7618591.0, 8126496.0, 8650785.0, 9191458.0, 9748515.0, 10321956.0, 10911781.0, 11517990.0, 12140583.0, 12779560.0, 13434921.0, 14106666.0, 14794795.0, 15499308.0, 16220205.0, 16957486.0, 17711152.0, 1.84812e7, 19267632.0, 20070450.0, ...],
    ...
  ]
>
PolyHok	8192	564 
9.	aqui...
#Nx.Tensor<
  f32[8192][8192]
  [
    [1.0, 16386.0, 49155.0, 98308.0, 163845.0, 245766.0, 344071.0, 458760.0, 589833.0, 737290.0, 901131.0, 1081356.0, 1277965.0, 1490958.0, 1720335.0, 1966096.0, 2228241.0, 2506770.0, 2801683.0, 3112980.0, 3440661.0, 3784726.0, 4145175.0, 4522008.0, 4915225.0, 5324826.0, 5750811.0, 6193180.0, 6651933.0, 7127070.0, 7618591.0, 8126496.0, 8650785.0, 9191458.0, 9748515.0, 10321956.0, 10911781.0, 11517990.0, 12140583.0, 12779560.0, 13434921.0, 14106666.0, 14794795.0, 15499308.0, 16220205.0, 16957486.0, 17711152.0, 1.84812e7, 19267632.0, 20070450.0, ...],
    ...
  ]
>
PolyHok	8192	520 
10.	aqui...
#Nx.Tensor<
  f32[8192][8192]
  [
    [1.0, 16386.0, 49155.0, 98308.0, 163845.0, 245766.0, 344071.0, 458760.0, 589833.0, 737290.0, 901131.0, 1081356.0, 1277965.0, 1490958.0, 1720335.0, 1966096.0, 2228241.0, 2506770.0, 2801683.0, 3112980.0, 3440661.0, 3784726.0, 4145175.0, 4522008.0, 4915225.0, 5324826.0, 5750811.0, 6193180.0, 6651933.0, 7127070.0, 7618591.0, 8126496.0, 8650785.0, 9191458.0, 9748515.0, 10321956.0, 10911781.0, 11517990.0, 12140583.0, 12779560.0, 13434921.0, 14106666.0, 14794795.0, 15499308.0, 16220205.0, 16957486.0, 17711152.0, 1.84812e7, 19267632.0, 20070450.0, ...],
    ...
  ]
>
PolyHok	8192	530 
11.	aqui...
#Nx.Tensor<
  f32[8192][8192]
  [
    [1.0, 16386.0, 49155.0, 98308.0, 163845.0, 245766.0, 344071.0, 458760.0, 589833.0, 737290.0, 901131.0, 1081356.0, 1277965.0, 1490958.0, 1720335.0, 1966096.0, 2228241.0, 2506770.0, 2801683.0, 3112980.0, 3440661.0, 3784726.0, 4145175.0, 4522008.0, 4915225.0, 5324826.0, 5750811.0, 6193180.0, 6651933.0, 7127070.0, 7618591.0, 8126496.0, 8650785.0, 9191458.0, 9748515.0, 10321956.0, 10911781.0, 11517990.0, 12140583.0, 12779560.0, 13434921.0, 14106666.0, 14794795.0, 15499308.0, 16220205.0, 16957486.0, 17711152.0, 1.84812e7, 19267632.0, 20070450.0, ...],
    ...
  ]
>
PolyHok	8192	560 
12.	aqui...
#Nx.Tensor<
  f32[8192][8192]
  [
    [1.0, 16386.0, 49155.0, 98308.0, 163845.0, 245766.0, 344071.0, 458760.0, 589833.0, 737290.0, 901131.0, 1081356.0, 1277965.0, 1490958.0, 1720335.0, 1966096.0, 2228241.0, 2506770.0, 2801683.0, 3112980.0, 3440661.0, 3784726.0, 4145175.0, 4522008.0, 4915225.0, 5324826.0, 5750811.0, 6193180.0, 6651933.0, 7127070.0, 7618591.0, 8126496.0, 8650785.0, 9191458.0, 9748515.0, 10321956.0, 10911781.0, 11517990.0, 12140583.0, 12779560.0, 13434921.0, 14106666.0, 14794795.0, 15499308.0, 16220205.0, 16957486.0, 17711152.0, 1.84812e7, 19267632.0, 20070450.0, ...],
    ...
  ]
>
PolyHok	8192	520 
13.	aqui...
#Nx.Tensor<
  f32[8192][8192]
  [
    [1.0, 16386.0, 49155.0, 98308.0, 163845.0, 245766.0, 344071.0, 458760.0, 589833.0, 737290.0, 901131.0, 1081356.0, 1277965.0, 1490958.0, 1720335.0, 1966096.0, 2228241.0, 2506770.0, 2801683.0, 3112980.0, 3440661.0, 3784726.0, 4145175.0, 4522008.0, 4915225.0, 5324826.0, 5750811.0, 6193180.0, 6651933.0, 7127070.0, 7618591.0, 8126496.0, 8650785.0, 9191458.0, 9748515.0, 10321956.0, 10911781.0, 11517990.0, 12140583.0, 12779560.0, 13434921.0, 14106666.0, 14794795.0, 15499308.0, 16220205.0, 16957486.0, 17711152.0, 1.84812e7, 19267632.0, 20070450.0, ...],
    ...
  ]
>
PolyHok	8192	555 
14.	aqui...
#Nx.Tensor<
  f32[8192][8192]
  [
    [1.0, 16386.0, 49155.0, 98308.0, 163845.0, 245766.0, 344071.0, 458760.0, 589833.0, 737290.0, 901131.0, 1081356.0, 1277965.0, 1490958.0, 1720335.0, 1966096.0, 2228241.0, 2506770.0, 2801683.0, 3112980.0, 3440661.0, 3784726.0, 4145175.0, 4522008.0, 4915225.0, 5324826.0, 5750811.0, 6193180.0, 6651933.0, 7127070.0, 7618591.0, 8126496.0, 8650785.0, 9191458.0, 9748515.0, 10321956.0, 10911781.0, 11517990.0, 12140583.0, 12779560.0, 13434921.0, 14106666.0, 14794795.0, 15499308.0, 16220205.0, 16957486.0, 17711152.0, 1.84812e7, 19267632.0, 20070450.0, ...],
    ...
  ]
>
PolyHok	8192	566 
15.	aqui...
#Nx.Tensor<
  f32[8192][8192]
  [
    [1.0, 16386.0, 49155.0, 98308.0, 163845.0, 245766.0, 344071.0, 458760.0, 589833.0, 737290.0, 901131.0, 1081356.0, 1277965.0, 1490958.0, 1720335.0, 1966096.0, 2228241.0, 2506770.0, 2801683.0, 3112980.0, 3440661.0, 3784726.0, 4145175.0, 4522008.0, 4915225.0, 5324826.0, 5750811.0, 6193180.0, 6651933.0, 7127070.0, 7618591.0, 8126496.0, 8650785.0, 9191458.0, 9748515.0, 10321956.0, 10911781.0, 11517990.0, 12140583.0, 12779560.0, 13434921.0, 14106666.0, 14794795.0, 15499308.0, 16220205.0, 16957486.0, 17711152.0, 1.84812e7, 19267632.0, 20070450.0, ...],
    ...
  ]
>
PolyHok	8192	498 
16.	aqui...
#Nx.Tensor<
  f32[8192][8192]
  [
    [1.0, 16386.0, 49155.0, 98308.0, 163845.0, 245766.0, 344071.0, 458760.0, 589833.0, 737290.0, 901131.0, 1081356.0, 1277965.0, 1490958.0, 1720335.0, 1966096.0, 2228241.0, 2506770.0, 2801683.0, 3112980.0, 3440661.0, 3784726.0, 4145175.0, 4522008.0, 4915225.0, 5324826.0, 5750811.0, 6193180.0, 6651933.0, 7127070.0, 7618591.0, 8126496.0, 8650785.0, 9191458.0, 9748515.0, 10321956.0, 10911781.0, 11517990.0, 12140583.0, 12779560.0, 13434921.0, 14106666.0, 14794795.0, 15499308.0, 16220205.0, 16957486.0, 17711152.0, 1.84812e7, 19267632.0, 20070450.0, ...],
    ...
  ]
>
PolyHok	8192	523 
17.	aqui...
#Nx.Tensor<
  f32[8192][8192]
  [
    [1.0, 16386.0, 49155.0, 98308.0, 163845.0, 245766.0, 344071.0, 458760.0, 589833.0, 737290.0, 901131.0, 1081356.0, 1277965.0, 1490958.0, 1720335.0, 1966096.0, 2228241.0, 2506770.0, 2801683.0, 3112980.0, 3440661.0, 3784726.0, 4145175.0, 4522008.0, 4915225.0, 5324826.0, 5750811.0, 6193180.0, 6651933.0, 7127070.0, 7618591.0, 8126496.0, 8650785.0, 9191458.0, 9748515.0, 10321956.0, 10911781.0, 11517990.0, 12140583.0, 12779560.0, 13434921.0, 14106666.0, 14794795.0, 15499308.0, 16220205.0, 16957486.0, 17711152.0, 1.84812e7, 19267632.0, 20070450.0, ...],
    ...
  ]
>
PolyHok	8192	518 
18.	aqui...
#Nx.Tensor<
  f32[8192][8192]
  [
    [1.0, 16386.0, 49155.0, 98308.0, 163845.0, 245766.0, 344071.0, 458760.0, 589833.0, 737290.0, 901131.0, 1081356.0, 1277965.0, 1490958.0, 1720335.0, 1966096.0, 2228241.0, 2506770.0, 2801683.0, 3112980.0, 3440661.0, 3784726.0, 4145175.0, 4522008.0, 4915225.0, 5324826.0, 5750811.0, 6193180.0, 6651933.0, 7127070.0, 7618591.0, 8126496.0, 8650785.0, 9191458.0, 9748515.0, 10321956.0, 10911781.0, 11517990.0, 12140583.0, 12779560.0, 13434921.0, 14106666.0, 14794795.0, 15499308.0, 16220205.0, 16957486.0, 17711152.0, 1.84812e7, 19267632.0, 20070450.0, ...],
    ...
  ]
>
PolyHok	8192	610 
19.	aqui...
#Nx.Tensor<
  f32[8192][8192]
  [
    [1.0, 16386.0, 49155.0, 98308.0, 163845.0, 245766.0, 344071.0, 458760.0, 589833.0, 737290.0, 901131.0, 1081356.0, 1277965.0, 1490958.0, 1720335.0, 1966096.0, 2228241.0, 2506770.0, 2801683.0, 3112980.0, 3440661.0, 3784726.0, 4145175.0, 4522008.0, 4915225.0, 5324826.0, 5750811.0, 6193180.0, 6651933.0, 7127070.0, 7618591.0, 8126496.0, 8650785.0, 9191458.0, 9748515.0, 10321956.0, 10911781.0, 11517990.0, 12140583.0, 12779560.0, 13434921.0, 14106666.0, 14794795.0, 15499308.0, 16220205.0, 16957486.0, 17711152.0, 1.84812e7, 19267632.0, 20070450.0, ...],
    ...
  ]
>
PolyHok	8192	526 
20.	aqui...
#Nx.Tensor<
  f32[8192][8192]
  [
    [1.0, 16386.0, 49155.0, 98308.0, 163845.0, 245766.0, 344071.0, 458760.0, 589833.0, 737290.0, 901131.0, 1081356.0, 1277965.0, 1490958.0, 1720335.0, 1966096.0, 2228241.0, 2506770.0, 2801683.0, 3112980.0, 3440661.0, 3784726.0, 4145175.0, 4522008.0, 4915225.0, 5324826.0, 5750811.0, 6193180.0, 6651933.0, 7127070.0, 7618591.0, 8126496.0, 8650785.0, 9191458.0, 9748515.0, 10321956.0, 10911781.0, 11517990.0, 12140583.0, 12779560.0, 13434921.0, 14106666.0, 14794795.0, 15499308.0, 16220205.0, 16957486.0, 17711152.0, 1.84812e7, 19267632.0, 20070450.0, ...],
    ...
  ]
>
PolyHok	8192	536 
21.	aqui...
#Nx.Tensor<
  f32[8192][8192]
  [
    [1.0, 16386.0, 49155.0, 98308.0, 163845.0, 245766.0, 344071.0, 458760.0, 589833.0, 737290.0, 901131.0, 1081356.0, 1277965.0, 1490958.0, 1720335.0, 1966096.0, 2228241.0, 2506770.0, 2801683.0, 3112980.0, 3440661.0, 3784726.0, 4145175.0, 4522008.0, 4915225.0, 5324826.0, 5750811.0, 6193180.0, 6651933.0, 7127070.0, 7618591.0, 8126496.0, 8650785.0, 9191458.0, 9748515.0, 10321956.0, 10911781.0, 11517990.0, 12140583.0, 12779560.0, 13434921.0, 14106666.0, 14794795.0, 15499308.0, 16220205.0, 16957486.0, 17711152.0, 1.84812e7, 19267632.0, 20070450.0, ...],
    ...
  ]
>
PolyHok	8192	514 
22.	aqui...
#Nx.Tensor<
  f32[8192][8192]
  [
    [1.0, 16386.0, 49155.0, 98308.0, 163845.0, 245766.0, 344071.0, 458760.0, 589833.0, 737290.0, 901131.0, 1081356.0, 1277965.0, 1490958.0, 1720335.0, 1966096.0, 2228241.0, 2506770.0, 2801683.0, 3112980.0, 3440661.0, 3784726.0, 4145175.0, 4522008.0, 4915225.0, 5324826.0, 5750811.0, 6193180.0, 6651933.0, 7127070.0, 7618591.0, 8126496.0, 8650785.0, 9191458.0, 9748515.0, 10321956.0, 10911781.0, 11517990.0, 12140583.0, 12779560.0, 13434921.0, 14106666.0, 14794795.0, 15499308.0, 16220205.0, 16957486.0, 17711152.0, 1.84812e7, 19267632.0, 20070450.0, ...],
    ...
  ]
>
PolyHok	8192	539 
23.	aqui...
#Nx.Tensor<
  f32[8192][8192]
  [
    [1.0, 16386.0, 49155.0, 98308.0, 163845.0, 245766.0, 344071.0, 458760.0, 589833.0, 737290.0, 901131.0, 1081356.0, 1277965.0, 1490958.0, 1720335.0, 1966096.0, 2228241.0, 2506770.0, 2801683.0, 3112980.0, 3440661.0, 3784726.0, 4145175.0, 4522008.0, 4915225.0, 5324826.0, 5750811.0, 6193180.0, 6651933.0, 7127070.0, 7618591.0, 8126496.0, 8650785.0, 9191458.0, 9748515.0, 10321956.0, 10911781.0, 11517990.0, 12140583.0, 12779560.0, 13434921.0, 14106666.0, 14794795.0, 15499308.0, 16220205.0, 16957486.0, 17711152.0, 1.84812e7, 19267632.0, 20070450.0, ...],
    ...
  ]
>
PolyHok	8192	529 
24.	aqui...
#Nx.Tensor<
  f32[8192][8192]
  [
    [1.0, 16386.0, 49155.0, 98308.0, 163845.0, 245766.0, 344071.0, 458760.0, 589833.0, 737290.0, 901131.0, 1081356.0, 1277965.0, 1490958.0, 1720335.0, 1966096.0, 2228241.0, 2506770.0, 2801683.0, 3112980.0, 3440661.0, 3784726.0, 4145175.0, 4522008.0, 4915225.0, 5324826.0, 5750811.0, 6193180.0, 6651933.0, 7127070.0, 7618591.0, 8126496.0, 8650785.0, 9191458.0, 9748515.0, 10321956.0, 10911781.0, 11517990.0, 12140583.0, 12779560.0, 13434921.0, 14106666.0, 14794795.0, 15499308.0, 16220205.0, 16957486.0, 17711152.0, 1.84812e7, 19267632.0, 20070450.0, ...],
    ...
  ]
>
PolyHok	8192	546 
25.	aqui...
#Nx.Tensor<
  f32[8192][8192]
  [
    [1.0, 16386.0, 49155.0, 98308.0, 163845.0, 245766.0, 344071.0, 458760.0, 589833.0, 737290.0, 901131.0, 1081356.0, 1277965.0, 1490958.0, 1720335.0, 1966096.0, 2228241.0, 2506770.0, 2801683.0, 3112980.0, 3440661.0, 3784726.0, 4145175.0, 4522008.0, 4915225.0, 5324826.0, 5750811.0, 6193180.0, 6651933.0, 7127070.0, 7618591.0, 8126496.0, 8650785.0, 9191458.0, 9748515.0, 10321956.0, 10911781.0, 11517990.0, 12140583.0, 12779560.0, 13434921.0, 14106666.0, 14794795.0, 15499308.0, 16220205.0, 16957486.0, 17711152.0, 1.84812e7, 19267632.0, 20070450.0, ...],
    ...
  ]
>
PolyHok	8192	510 
26.	aqui...
#Nx.Tensor<
  f32[8192][8192]
  [
    [1.0, 16386.0, 49155.0, 98308.0, 163845.0, 245766.0, 344071.0, 458760.0, 589833.0, 737290.0, 901131.0, 1081356.0, 1277965.0, 1490958.0, 1720335.0, 1966096.0, 2228241.0, 2506770.0, 2801683.0, 3112980.0, 3440661.0, 3784726.0, 4145175.0, 4522008.0, 4915225.0, 5324826.0, 5750811.0, 6193180.0, 6651933.0, 7127070.0, 7618591.0, 8126496.0, 8650785.0, 9191458.0, 9748515.0, 10321956.0, 10911781.0, 11517990.0, 12140583.0, 12779560.0, 13434921.0, 14106666.0, 14794795.0, 15499308.0, 16220205.0, 16957486.0, 17711152.0, 1.84812e7, 19267632.0, 20070450.0, ...],
    ...
  ]
>
PolyHok	8192	562 
27.	aqui...
#Nx.Tensor<
  f32[8192][8192]
  [
    [1.0, 16386.0, 49155.0, 98308.0, 163845.0, 245766.0, 344071.0, 458760.0, 589833.0, 737290.0, 901131.0, 1081356.0, 1277965.0, 1490958.0, 1720335.0, 1966096.0, 2228241.0, 2506770.0, 2801683.0, 3112980.0, 3440661.0, 3784726.0, 4145175.0, 4522008.0, 4915225.0, 5324826.0, 5750811.0, 6193180.0, 6651933.0, 7127070.0, 7618591.0, 8126496.0, 8650785.0, 9191458.0, 9748515.0, 10321956.0, 10911781.0, 11517990.0, 12140583.0, 12779560.0, 13434921.0, 14106666.0, 14794795.0, 15499308.0, 16220205.0, 16957486.0, 17711152.0, 1.84812e7, 19267632.0, 20070450.0, ...],
    ...
  ]
>
PolyHok	8192	518 
28.	aqui...
#Nx.Tensor<
  f32[8192][8192]
  [
    [1.0, 16386.0, 49155.0, 98308.0, 163845.0, 245766.0, 344071.0, 458760.0, 589833.0, 737290.0, 901131.0, 1081356.0, 1277965.0, 1490958.0, 1720335.0, 1966096.0, 2228241.0, 2506770.0, 2801683.0, 3112980.0, 3440661.0, 3784726.0, 4145175.0, 4522008.0, 4915225.0, 5324826.0, 5750811.0, 6193180.0, 6651933.0, 7127070.0, 7618591.0, 8126496.0, 8650785.0, 9191458.0, 9748515.0, 10321956.0, 10911781.0, 11517990.0, 12140583.0, 12779560.0, 13434921.0, 14106666.0, 14794795.0, 15499308.0, 16220205.0, 16957486.0, 17711152.0, 1.84812e7, 19267632.0, 20070450.0, ...],
    ...
  ]
>
PolyHok	8192	523 
29.	aqui...
#Nx.Tensor<
  f32[8192][8192]
  [
    [1.0, 16386.0, 49155.0, 98308.0, 163845.0, 245766.0, 344071.0, 458760.0, 589833.0, 737290.0, 901131.0, 1081356.0, 1277965.0, 1490958.0, 1720335.0, 1966096.0, 2228241.0, 2506770.0, 2801683.0, 3112980.0, 3440661.0, 3784726.0, 4145175.0, 4522008.0, 4915225.0, 5324826.0, 5750811.0, 6193180.0, 6651933.0, 7127070.0, 7618591.0, 8126496.0, 8650785.0, 9191458.0, 9748515.0, 10321956.0, 10911781.0, 11517990.0, 12140583.0, 12779560.0, 13434921.0, 14106666.0, 14794795.0, 15499308.0, 16220205.0, 16957486.0, 17711152.0, 1.84812e7, 19267632.0, 20070450.0, ...],
    ...
  ]
>
PolyHok	8192	549 
30.	aqui...
#Nx.Tensor<
  f32[8192][8192]
  [
    [1.0, 16386.0, 49155.0, 98308.0, 163845.0, 245766.0, 344071.0, 458760.0, 589833.0, 737290.0, 901131.0, 1081356.0, 1277965.0, 1490958.0, 1720335.0, 1966096.0, 2228241.0, 2506770.0, 2801683.0, 3112980.0, 3440661.0, 3784726.0, 4145175.0, 4522008.0, 4915225.0, 5324826.0, 5750811.0, 6193180.0, 6651933.0, 7127070.0, 7618591.0, 8126496.0, 8650785.0, 9191458.0, 9748515.0, 10321956.0, 10911781.0, 11517990.0, 12140583.0, 12779560.0, 13434921.0, 14106666.0, 14794795.0, 15499308.0, 16220205.0, 16957486.0, 17711152.0, 1.84812e7, 19267632.0, 20070450.0, ...],
    ...
  ]
>
PolyHok	8192	532 
