--------ske_lib saxpy------------------------
1.	PolyHok	900000000	2630
2.	PolyHok	900000000	2672
3.	PolyHok	900000000	2623
4.	PolyHok	900000000	2671
5.	PolyHok	900000000	2720
6.	PolyHok	900000000	2621
7.	PolyHok	900000000	2631
8.	PolyHok	900000000	3808
9.	PolyHok	900000000	2706
10.	PolyHok	900000000	2699
11.	PolyHok	900000000	2751
12.	PolyHok	900000000	2777
13.	PolyHok	900000000	2700
14.	PolyHok	900000000	2655
15.	PolyHok	900000000	2703
16.	PolyHok	900000000	2724
17.	PolyHok	900000000	2694
18.	PolyHok	900000000	2667
19.	PolyHok	900000000	2702
20.	PolyHok	900000000	2576
21.	PolyHok	900000000	2614
22.	PolyHok	900000000	2667
23.	PolyHok	900000000	2613
24.	PolyHok	900000000	2585
25.	PolyHok	900000000	2750
26.	PolyHok	900000000	2596
27.	PolyHok	900000000	2671
28.	PolyHok	900000000	2686
29.	PolyHok	900000000	2764
30.	PolyHok	900000000	2643
